26
21
0 2121 4686 4962 4618 2918 6842 5947 8088 6333 7150 4504 7990 2861 2132 3602 5425 3174 6632 5487 2913 6919 1959 3653 2769 5226
2121 0 4885 5161 3819 2119 6043 5148 7289 5534 6351 3705 7191 2062 2331 2803 4626 3373 5833 5686 3112 6120 2158 3852 1970 4427
4686 4885 0 1568 7382 5682 9606 8711 10852 9097 9914 7268 10754 5625 3494 6366 8189 2322 9396 2093 3307 9683 3647 1585 5533 7990
4962 5161 1568 0 7658 5958 9882 8987 11128 9373 10190 7544 11030 5901 3770 6642 8465 2598 9672 1067 3583 9959 3923 1861 5809 8266
4618 3819 7382 7658 0 2422 2404 1509 3650 1895 2712 900 3552 1975 4828 1498 987 5870 2194 8183 5609 2481 4655 6349 3301 788
2918 2119 5682 5958 2422 0 4646 3751 5892 4137 4954 2308 5794 665 3128 1406 3229 4170 4436 6483 3909 4723 2955 4649 1601 3030
6842 6043 9606 9882 2404 4646 0 2495 3068 1313 2130 3124 2970 4199 7052 3722 1807 8094 1612 10407 7833 1899 6879 8573 5525 2606
5947 5148 8711 8987 1509 3751 2495 0 3741 1986 2803 2229 3643 3304 6157 2827 1078 7199 2285 9512 6938 2572 5984 7678 4630 1711
8088 7289 10852 11128 3650 5892 3068 3741 0 1999 2548 4370 1780 5445 8298 4968 3053 9340 2644 11653 9079 1947 8125 9819 6771 3852
6333 5534 9097 9373 1895 4137 1313 1986 1999 0 1061 2615 1901 3690 6543 3213 1298 7585 889 9898 7324 830 6370 8064 5016 2097
7150 6351 9914 10190 2712 4954 2130 2803 2548 1061 0 3432 2450 4507 7360 4030 2115 8402 1706 10715 8141 1379 7187 8881 5833 2914
4504 3705 7268 7544 900 2308 3124 2229 4370 2615 3432 0 4272 1861 4714 1384 1707 5756 2914 8069 5495 3201 4541 6235 3187 1508
7990 7191 10754 11030 3552 5794 2970 3643 1780 1901 2450 4272 0 5347 8200 4870 2955 9242 2546 11555 8981 1849 8027 9721 6673 3754
2861 2062 5625 5901 1975 665 4199 3304 5445 3690 4507 1861 5347 0 3071 959 2782 4113 3989 6426 3852 4276 2898 4592 1544 2583
2132 2331 3494 3770 4828 3128 7052 6157 8298 6543 7360 4714 8200 3071 0 3812 5635 1982 6842 4295 1721 7129 1093 2461 2979 5436
3602 2803 6366 6642 1498 1406 3722 2827 4968 3213 4030 1384 4870 959 3812 0 2305 4854 3512 7167 4593 3799 3639 5333 2285 2106
5425 4626 8189 8465 987 3229 1807 1078 3053 1298 2115 1707 2955 2782 5635 2305 0 6677 1597 8990 6416 1884 5462 7156 4108 1189
3174 3373 2322 2598 5870 4170 8094 7199 9340 7585 8402 5756 9242 4113 1982 4854 6677 0 7884 3123 1795 8171 2135 1289 4021 6478
6632 5833 9396 9672 2194 4436 1612 2285 2644 889 1706 2914 2546 3989 6842 3512 1597 7884 0 10197 7623 1475 6669 8363 5315 2396
5487 5686 2093 1067 8183 6483 10407 9512 11653 9898 10715 8069 11555 6426 4295 7167 8990 3123 10197 0 4108 10484 4448 2386 6334 8791
2913 3112 3307 3583 5609 3909 7833 6938 9079 7324 8141 5495 8981 3852 1721 4593 6416 1795 7623 4108 0 7910 1874 2274 3760 6217
6919 6120 9683 9959 2481 4723 1899 2572 1947 830 1379 3201 1849 4276 7129 3799 1884 8171 1475 10484 7910 0 6956 8650 5602 2683
1959 2158 3647 3923 4655 2955 6879 5984 8125 6370 7187 4541 8027 2898 1093 3639 5462 2135 6669 4448 1874 6956 0 2614 2806 5263
3653 3852 1585 1861 6349 4649 8573 7678 9819 8064 8881 6235 9721 4592 2461 5333 7156 1289 8363 2386 2274 8650 2614 0 4500 6957
2769 1970 5533 5809 3301 1601 5525 4630 6771 5016 5833 3187 6673 1544 2979 2285 4108 4021 5315 6334 3760 5602 2806 4500 0 3909
5226 4427 7990 8266 788 3030 2606 1711 3852 2097 2914 1508 3754 2583 5436 2106 1189 6478 2396 8791 6217 2683 5263 6957 3909 0