0   88  43  37  55  180 197 181 238 221 238 65  197 154 75  50  143 207 47  130 128 36  44  81  166 37  103 84  81  84  80  115
88  0   71  79  125 104 121 105 162 145 162 41  121 78  145 64  67  131 51  54  52  106 114 37  90  107 27  154 151 154 20  39 
43  71  0   34  80  163 180 164 221 204 221 48  180 137 100 33  126 190 30  113 111 61  69  64  149 62  86  109 106 109 63  98 
37  79  34  0   74  171 188 172 229 212 229 56  188 145 94  41  134 198 38  121 119 55  63  72  157 56  94  103 100 103 71  106
55  125 80  74  0   217 234 218 275 258 275 102 234 191 36  87  180 244 84  167 165 33  29  118 203 46  140 45  42  45  117 152
180 104 163 171 217 0   47  31  88  71  88  133 47  46  237 156 63  57  143 78  66  198 206 129 40  199 103 246 243 246 112 85 
197 121 180 188 234 47  0   32  65  48  65  150 24  63  254 173 80  34  160 95  83  215 223 146 57  216 120 263 260 263 129 102
181 105 164 172 218 31  32  0   73  56  73  134 32  47  238 157 64  42  144 79  67  199 207 130 41  200 104 247 244 247 113 86 
238 162 221 229 275 88  65  73  0   33  26  191 53  104 295 214 121 47  201 136 124 256 264 187 98  257 161 304 301 304 170 143
221 145 204 212 258 71  48  56  33  0   33  174 36  87  278 197 104 30  184 119 107 239 247 170 81  240 144 287 284 287 153 126
238 162 221 229 275 88  65  73  26  33  0   191 53  104 295 214 121 47  201 136 124 256 264 187 98  257 161 304 301 304 170 143
65  41  48  56  102 133 150 134 191 174 191 0   150 107 122 41  96  160 28  83  81  83  91  34  119 84  56  131 128 131 33  68 
197 121 180 188 234 47  24  32  53  36  53  150 0   63  254 173 80  22  160 95  83  215 223 146 57  216 120 263 260 263 129 102
154 78  137 145 191 46  63  47  104 87  104 107 63  0   211 130 37  73  117 52  40  172 180 103 32  173 77  220 217 220 86  59 
75  145 100 94  36  237 254 238 295 278 295 122 254 211 0   107 200 264 104 187 185 53  49  138 223 66  160 37  34  37  137 172
50  64  33  41  87  156 173 157 214 197 214 41  173 130 107 0   119 183 23  106 104 68  76  57  142 69  79  116 113 116 56  91 
143 67  126 134 180 63  80  64  121 104 121 96  80  37  200 119 0   90  106 41  29  161 169 92  49  162 66  209 206 209 75  48 
207 131 190 198 244 57  34  42  47  30  47  160 22  73  264 183 90  0   170 105 93  225 233 156 67  226 130 273 270 273 139 112
47  51  30  38  84  143 160 144 201 184 201 28  160 117 104 23  106 170 0   93  91  65  73  44  129 66  66  113 110 113 43  78 
130 54  113 121 167 78  95  79  136 119 136 83  95  52  187 106 41  105 93  0   26  148 156 79  64  149 53  196 193 196 62  35 
128 52  111 119 165 66  83  67  124 107 124 81  83  40  185 104 29  93  91  26  0   146 154 77  52  147 51  194 191 194 60  33 
36  106 61  55  33  198 215 199 256 239 256 83  215 172 53  68  161 225 65  148 146 0   22  99  184 27  121 62  59  62  98  133
44  114 69  63  29  206 223 207 264 247 264 91  223 180 49  76  169 233 73  156 154 22  0   107 192 35  129 58  55  58  106 141
81  37  64  72  118 129 146 130 187 170 187 34  146 103 138 57  92  156 44  79  77  99  107 0   115 100 52  147 144 147 29  64 
166 90  149 157 203 40  57  41  98  81  98  119 57  32  223 142 49  67  129 64  52  184 192 115 0   185 89  232 229 232 98  71 
37  107 62  56  46  199 216 200 257 240 257 84  216 173 66  69  162 226 66  149 147 27  35  100 185 0   122 75  72  75  99  134
103 27  86  94  140 103 120 104 161 144 161 56  120 77  160 79  66  130 66  53  51  121 129 52  89  122 0   169 166 169 35  38 
84  154 109 103 45  246 263 247 304 287 304 131 263 220 37  116 209 273 113 196 194 62  58  147 232 75  169 0   21  10  146 181
81  151 106 100 42  243 260 244 301 284 301 128 260 217 34  113 206 270 110 193 191 59  55  144 229 72  166 21  0   21  143 178
84  154 109 103 45  246 263 247 304 287 304 131 263 220 37  116 209 273 113 196 194 62  58  147 232 75  169 10  21  0   146 181
80  20  63  71  117 112 129 113 170 153 170 33  129 86  137 56  75  139 43  62  60  98  106 29  98  99  35  146 143 146 0   47 
115 39  98  106 152 85  102 86  143 126 143 68  102 59  172 91  48  112 78  35  33  133 141 64  71  134 38  181 178 181 47  0  
